4.013358000000000000e+06
1.404751000000000000e+06
1.762799000000000000e+06
3.833089000000000000e+06
2.967351000000000000e+06
2.047883000000000000e+06
1.849670000000000000e+06
1.976752000000000000e+06
1.873909000000000000e+06
2.298768000000000000e+06
2.456755000000000000e+06
4.333533000000000000e+06
1.354866000000000000e+06
2.007829000000000000e+06
2.855786000000000000e+06
1.767731000000000000e+06
1.903814000000000000e+06
2.048115000000000000e+06
1.723383000000000000e+06
3.152575000000000000e+06
3.564035000000000000e+06
2.876453000000000000e+06
3.131168000000000000e+06
8.726520000000000000e+05
1.483595000000000000e+06
2.551875000000000000e+06
1.293463000000000000e+06
1.889511000000000000e+06
2.609710000000000000e+06
4.098733000000000000e+06
4.912825000000000000e+06
5.388769000000000000e+06
2.429534000000000000e+06
2.450350000000000000e+06
5.947223000000000000e+06
4.183523000000000000e+06
2.930727000000000000e+06
3.127942000000000000e+06
7.049977000000000000e+06
3.697519000000000000e+06
1.998142000000000000e+06
3.281110000000000000e+06
3.315842000000000000e+06
3.668838000000000000e+06
3.919086000000000000e+06
4.614546000000000000e+06
8.478570000000000000e+06
6.344368000000000000e+06
1.931647000000000000e+06
1.789709000000000000e+06
4.235136000000000000e+06
4.309219000000000000e+06
8.314220000000000000e+06
3.811162000000000000e+06
5.857351000000000000e+06
2.202951000000000000e+06
6.120759000000000000e+06
6.192431000000000000e+06
5.019470000000000000e+06
5.774526000000000000e+06
3.492250000000000000e+06
3.534485000000000000e+06
3.411537000000000000e+06
3.068657000000000000e+06
1.834200000000000000e+06
3.819050000000000000e+06
2.563855000000000000e+06
2.739373000000000000e+06
5.224443000000000000e+06
5.912357000000000000e+06
2.138951000000000000e+06
2.716180000000000000e+06
1.803591000000000000e+06
2.901587000000000000e+06
3.834396000000000000e+06
3.941437000000000000e+06
4.678818000000000000e+06
1.732746000000000000e+06
2.572432000000000000e+06
1.962667000000000000e+06
1.737205000000000000e+06
3.061197000000000000e+06
6.310497000000000000e+06
5.779355000000000000e+06
6.213293000000000000e+06
2.384709000000000000e+06
5.524087000000000000e+06
3.051461000000000000e+06
3.022181000000000000e+06
4.792140000000000000e+06
2.623079000000000000e+06
9.260122000000000000e+06
3.674586000000000000e+06
4.815090000000000000e+06
3.558594000000000000e+06
3.651482000000000000e+06
5.024210000000000000e+06
5.908393000000000000e+06
7.427648000000000000e+06
7.439589000000000000e+06
5.748555000000000000e+06
