2.121100000000000000e+04
1.981800000000000000e+04
1.971800000000000000e+04
1.818200000000000000e+04
2.010700000000000000e+04
2.101000000000000000e+04
3.862900000000000000e+04
4.380900000000000000e+04
2.164500000000000000e+04
2.276200000000000000e+04
2.382700000000000000e+04
2.002500000000000000e+04
2.092900000000000000e+04
2.090700000000000000e+04
2.182100000000000000e+04
2.265200000000000000e+04
2.126900000000000000e+04
2.230700000000000000e+04
2.152100000000000000e+04
2.400700000000000000e+04
2.304100000000000000e+04
1.950600000000000000e+04
2.065900000000000000e+04
2.215800000000000000e+04
2.194400000000000000e+04
2.112400000000000000e+04
1.940600000000000000e+04
2.050100000000000000e+04
2.040600000000000000e+04
2.437600000000000000e+04
2.438500000000000000e+04
2.347100000000000000e+04
2.381600000000000000e+04
1.870400000000000000e+04
1.939800000000000000e+04
1.826900000000000000e+04
1.887200000000000000e+04
1.877600000000000000e+04
1.907000000000000000e+04
2.279200000000000000e+04
2.216400000000000000e+04
1.832500000000000000e+04
1.881300000000000000e+04
1.738800000000000000e+04
1.835700000000000000e+04
1.877500000000000000e+04
1.846600000000000000e+04
1.871300000000000000e+04
1.834600000000000000e+04
2.347500000000000000e+04
2.295500000000000000e+04
1.824900000000000000e+04
1.940000000000000000e+04
1.919300000000000000e+04
1.914300000000000000e+04
1.828000000000000000e+04
1.774700000000000000e+04
2.006200000000000000e+04
2.068400000000000000e+04
2.315700000000000000e+04
2.383300000000000000e+04
2.098300000000000000e+04
1.957600000000000000e+04
1.905400000000000000e+04
1.898400000000000000e+04
1.860500000000000000e+04
1.778600000000000000e+04
1.996100000000000000e+04
2.048600000000000000e+04
2.496100000000000000e+04
2.416200000000000000e+04
1.947500000000000000e+04
2.068400000000000000e+04
2.022000000000000000e+04
1.921000000000000000e+04
1.950100000000000000e+04
1.902100000000000000e+04
2.085500000000000000e+04
1.944900000000000000e+04
2.567000000000000000e+04
2.614500000000000000e+04
2.151200000000000000e+04
2.074000000000000000e+04
2.099500000000000000e+04
2.103500000000000000e+04
1.995500000000000000e+04
1.941300000000000000e+04
1.816300000000000000e+04
1.971500000000000000e+04
2.465200000000000000e+04
2.385900000000000000e+04
2.028700000000000000e+04
1.862100000000000000e+04
1.875200000000000000e+04
1.876600000000000000e+04
1.992700000000000000e+04
1.993700000000000000e+04
2.022000000000000000e+04
1.890300000000000000e+04
2.464300000000000000e+04
2.408000000000000000e+04
1.868600000000000000e+04
1.907800000000000000e+04
1.931100000000000000e+04
1.937900000000000000e+04
2.042800000000000000e+04
1.882000000000000000e+04
1.887400000000000000e+04
1.839800000000000000e+04
2.344500000000000000e+04
2.221400000000000000e+04
1.760100000000000000e+04
1.810200000000000000e+04
1.772100000000000000e+04
1.767000000000000000e+04
1.726800000000000000e+04
1.857500000000000000e+04
1.915000000000000000e+04
1.999800000000000000e+04
2.449200000000000000e+04
2.300500000000000000e+04
1.853100000000000000e+04
1.885400000000000000e+04
1.866400000000000000e+04
1.989000000000000000e+04
2.004700000000000000e+04
1.999500000000000000e+04
1.982900000000000000e+04
1.949800000000000000e+04
2.426200000000000000e+04
2.524300000000000000e+04
2.068900000000000000e+04
2.007000000000000000e+04
2.000300000000000000e+04
1.984800000000000000e+04
2.097100000000000000e+04
2.041300000000000000e+04
1.924800000000000000e+04
1.932600000000000000e+04
2.380800000000000000e+04
2.380000000000000000e+04
2.139600000000000000e+04
2.156600000000000000e+04
2.172700000000000000e+04
1.883600000000000000e+04
1.960900000000000000e+04
2.094300000000000000e+04
1.962900000000000000e+04
2.088800000000000000e+04
2.423300000000000000e+04
2.424900000000000000e+04
1.982300000000000000e+04
2.105100000000000000e+04
2.065700000000000000e+04
2.032100000000000000e+04
2.061500000000000000e+04
2.082900000000000000e+04
1.979300000000000000e+04
1.989100000000000000e+04
2.435600000000000000e+04
2.512200000000000000e+04
2.144900000000000000e+04
2.194900000000000000e+04
2.057800000000000000e+04
2.023000000000000000e+04
2.049000000000000000e+04
2.020600000000000000e+04
1.912700000000000000e+04
1.964600000000000000e+04
2.288000000000000000e+04
